3084691162
3084490312
3084574881
3084475590
3084557475
3084344226
3084402972
3084312846
3084383551
3084205752
3084261916
3084204099
3084258454
3083443258
3083607335
3083318471
3083437700
3083141001
3083279182
3083063877
3083179978
3082827449
3082936922
3082843379
3082930927
3082612437
3082703686
3082594701
3082689492
3082413645
3082511745
3082420567
3082510222
3082279742
3082348123
3082279911
3082335375
3081501692
3081676251
3081418147
3081556630
3081180342
3081305682
3081124433
3081228796
3080872675
3081031452
3080937218
3081029880
3080691275
3080811564
3080665877
3080759588
3080499473
3080582346
3080503377
3080567585
3080372753
3080441011
3080373475
3080430453
