3178195166
3178365187
3178616806
3178146209
3178144438
3177739578
3177921623
3177363836
3177482879
3177157234
3177247057
3176414167
3176542698
3176652040
3175497089
3175600767
3175770526
3175376718
3175484408
3174597350
3174669160
3174458572
3174498935
3173967572
3174058622
3173205910
3173298198
3173097716
3173204867
3170555839
3172518289
3172480723
3172353011
3172399098
3172135818
3172197058
3172262406
3171769278
3171880059
3171167115
3171245370
3170904292
3170980218
3170433297
3170477211
3170115907
3170197181
3169592245
3169747378
3169208514
3169312660
3169403528
3168943785
3169031283
3168727939
3168799670
3168880401
3168626396
3168664511
3168610975
3167326378
3167452939
3167004100
3167186674
3166900519
3166997279
3166767662
3166674845
3166560535
3166607500
3166437920
3166472638
3165602911
3165798050
3165908750
3164845962
3164964520
3164732533
3164541642
3164632037
3164690934
3164636763
3164547740
3164542057
3164417850
3164474906
3164260875
3164303907
3164298579
3164113417
3164169861
3163783659
3163937850
3164040620
3162901716
3163004315
3163124290
3162514732
3162636427
3162752866
3162743023
3162510385
3162679602
3162638643
3162498830
3162049990
3162122868
3161895850
3161963619
3161689588
3161782355
3161837859
3160555127
3160695265
