3123899080
3123993481
3123912538
3123797507
3123690721
3123775210
3123504878
3123563469
3123501108
3123553784
3123330823
3123428209
3123330308
3123384413
3121205119
3121295778
3121429987
3121548471
3119559531
3119672623
3119824132
3119235132
3119339649
3117463033
3117566878
3117324700
3117237435
3117150023
3115904141
3115657570
3115789845
3115460951
3115552275
3115220977
3115295331
3115059536
3115134394
3113713578
3113831023
3113714611
3113816674
3113512271
3113593736
3113514383
3113582860
3113340537
3113427825
3113335832
3113385800
3113186536
3113250411
3113178597
3113246169
3111877655
3111960480
3111895895
3111718824
3111790939
3111677702
3111755523
3111530993
3111612547
3111504790
3111592442
3111441609
3111350892
3111404035
3110067317
3110188282
3110038294
3110138102
3109874555
3109947264
3109820624
3109915962
3109668328
3109789449
3109652524
3109719263
3109502095
3109567493
3109505364
3109565466
