3139882151
3139957604
3140008780
3139858272
3139950764
3139778329
3139885713
3139507911
3139633624
3139776903
3139522868
3139652866
3139768515
3139520318
3139661732
3139050421
3139188766
3139282085
3138972122
3139052266
3139141584
3139007373
3139089878
3138948575
3139035173
3138775969
3138850326
3138956853
3138772596
3138908078
3138784941
3138877020
3138779907
3138849710
3138061022
3138154278
3138232418
3137930231
3138062271
3138170103
3137939382
3138060601
3138150479
3138003121
3138094830
3137684735
3137800908
3137947452
3137652123
3137764244
3137907375
3137700702
3137824197
3137643518
3137782735
3137262488
3137360770
3137462784
3137325049
3137421315
3137304243
3137420384
3137237965
3137347019
3137046741
3137147095
3137225459
3137048517
3137133270
3137212042
3137076847
3137154342
3137048108
3137130045
