3179886735
3179956941
3180067427
3180132370
3180200650
3179532280
3179693337
3179783370
3179103132
3179289623
3179476957
3178374532
3178589992
3178869138
3177477063
3177596773
3177715945
3177866170
3178037309
3176916233
3176979515
3177054672
3176648614
3176782834
3176019247
3176164840
3175916756
3176125586
3175366856
3175473479
3175065918
3175170931
3174741221
3174847146
3174926880
3174446135
3174494337
3174409196
3174406527
3174393309
3174387615
3174293159
3173994939
3174100775
3174129896
3174203319
3173757339
3173425070
3173613618
3173202889
3173312227
3173098656
3173186555
3173278037
3172368530
3172405625
3172223509
3172260646
3172308670
3172206230
3171366949
3171497461
3171640842
3170680451
3170748781
3170828736
3170432539
3170477743
3170269520
3170317392
3170390994
3170316127
3170243019
3170161921
3169820848
3169955334
3170051024
3168979910
3169051489
3169191517
3169028469
3169129328
3168722698
3168811846
3168912978
3168473309
3168505351
3168319469
3168382242
3168426915
3168441996
3167734991
3167938430
3167346840
3167496899
3167198314
3166907505
3167001321
3166810612
3166682283
3166759197
3166564380
3166616641
3166432489
3166491316
3166244251
3166320688
3166035771
3166115423
3165610543
3165757252
3165855247
3165197689
3165347165
3164267367
3164324597
3163419018
3163547724
3160395722
3160494402
3158574466
3158722490
3158579064
3158682718
3158442455
3158431857
3157838945
3157895046
3157721672
3157767032
3157802062
3157774780
3157725006
